%-40 dmb

ans =

   -0.0200    0.0200


ans =

   -0.0011    1.1032
   
   
   
 %-40
 
