%-40 dmb

ans =

   -0.0200    0.0200


ans =

   -0.0011    1.1032
   
   
   
 %-90
 
 ans =

   -0.0326    0.0326


ans =

   -0.0044    1.0149
