% -90
zlim1 =   [-0.0302    0.0308];
zlim2 = [ -0.0038    1.0151];
%-40
