function [cost] = get_cost_temp_test( x)

% measurement data:
tic
data_dB = [-64.7924834983620,-64.0451696638400,-64.9243100269456,-64.6604213207276,-64.1210427239389,-63.2246885676379,-63.0755766515360,-63.3290703813204,-61.5984908430903,-61.7959960895492,-61.0514807830279,-60.4379298091240,-60.3236748086666,-59.6441612655004,-59.3876972365052,-58.7251118732113,-58.3757253926813,-58.1869580693300,-58.2269054333436,-58.0240914747126,-57.2623326108493,-57.4455426108906,-56.8000253714762,-56.8229947961392,-56.4458672175922,-57.1193689839061,-56.5428995927272,-56.2790119432459,-56.3376402035930,-56.3123057374940,-55.7087618358103,-55.4687005871891,-54.8967237480022,-54.4390481934044,-54.7053332719015,-54.3342012755789,-54.7599931091964,-54.8453019907895,-55.2477212090904,-53.9433781654019,-52.9994363121829,-53.1463225529614,-53.6626348069311,-53.5517328916206,-54.0134588208903,-54.1414845816151,-54.4023127112130,-54.2192177920843,-54.1369230640989,-54.6177351281389,-54.6638189314509,-53.5668176003709,-54.0141817890188,-55.3888368540865,-57.2221391230070,-59.3125851127833,-59.5054586875834,-57.7241003051665,-56.4520746990595,-55.8207313871417,-55.2643040674210,-55.0793782916694,-55.3646888968555,-55.6505794770271,-55.8712455842197,-55.8520717977627,-56.4822905879937,-56.8041742392256,-56.3382775158036,-55.7798072237207,-55.2700841860661,-55.0134207827809,-54.8873801074802,-54.6287512236094,-54.4853902120043,-54.3628536316258,-54.3857596765410,-54.2182641561361,-54.2774332746299,-55.0468019692594,-55.8504313968071,-55.4258792601105,-55.0782934515497,-54.8898440334799,-54.7952564858480,-54.6895961069836,-54.6484910755885,-54.5769502217629,-54.6183988005135,-54.6005986450513,-54.3527170001196,-54.2217391972671,-54.4938566851569,-54.8392605264428,-54.3160543028382,-54.1869443187241,-54.1626030537257,-54.2355768376200,-54.3704495481752,-54.2462778566192,-54.2519026569668,-54.6239205983587,-54.8514620382315,-55.0871633892032,-54.8424005361282,-55.0874388262121,-55.7742177066444,-55.6457144488492,-55.7173306934395,-55.6188721994378,-56.0844652321843,-56.4240554712734,-56.3647045286661,-56.3142760355648,-56.8910698372962,-56.6287118427792,-56.3914592869731,-55.8662151667230,-55.6101912031189,-55.4902305567528,-55.3971527733073,-54.6593081736804,-55.9431977985863,-56.9842743762802,-57.4429342969585,-56.1620536196404,-56.0720383370183,-56.4697102718094,-55.1386055869205,-55.1503359004036,-54.5774429515969,-54.5655056348635,-54.7899555411882,-55.3599100463521,-55.1729560552846,-54.9619626550405,-54.9972200241852,-54.2577614668364,-53.7427100539179,-53.7843464229944,-53.6409912396726,-54.0401917110063,-53.7998548012671,-53.4162324303630,-53.5568699268945,-53.5890112145559,-53.5104750074170,-53.6169974998772,-53.9195451557756,-53.2855734518634,-53.3391520712647,-53.0461026688870,-53.0617401608030,-52.9242806097984,-52.8891865485185,-53.6146271963042,-54.1540374365452,-54.4323242695815,-55.0017936044476,-56.2221555680107,-56.8053747360892,-57.6290094000995,-58.4750097984190,-59.1309151499359,-58.6689010442912,-58.9639798655878,-58.7754420895748,-57.9797955915519,-57.3266978273048,-56.1859841006559,-56.2069539507119,-54.7477625696896,-53.5698825090553,-53.0931070509214,-52.8174786261239,-52.7911902256529,-52.8130892837518,-52.9383581539606,-53.4693521571428,-53.8553783658182,-54.1637004910687,-54.3891700222776,-55.1577612128468,-56.1503335967692,-56.6655219410014,-57.5261485172839,-57.9211806920643,-58.4357411717672,-58.9246286362357,-59.4265184222393,-58.8143006768888,-59.3578591305815,-59.5039639341392,-59.9970724312048,-60.3904334737683,-61.5971707581259,-63.0469841000038,-64.3470978154283,-65.1555432002616,-65.3134165091183,-64.1955781988587,-63.6596244070685,-60.5520131621636,-59.7954392980728,-58.7693646224891,-58.0596276154129,-56.9071640892489,-55.8200269775694,-55.7015657180881,-54.7756545523180,-55.6878565774590,-56.9749471727066,-56.8925731945616,-56.2360163119249,-55.7225099431228,-55.3904371151129,-55.7228345039716,-55.6217009410559,-55.9561322411968,-56.3482654401804,-58.6459388497145,-57.2091851867484,-56.8694573386419,-56.0844462949599,-55.4690868213511,-54.7913696664915,-54.2910621619631,-54.1453747678499,-53.5875905262168,-53.4735689557351,-53.7249363678226,-54.3987764786124,-54.4482549188459,-54.9651505591606,-55.9560185905114,-58.2629231332086,-59.4766915829506,-58.3016212294316,-57.3218685324756,-56.5787538897011,-56.2451246326218,-56.2730430062868,-56.5779240951467,-56.3548304723922,-55.6187868156918,-56.3897004373581,-55.8594733404288,-56.0739651431276,-56.5306990044587,-57.0393754435271,-58.6867418396732,-61.7509042163934,-62.6452294239274,-62.1259543507809,-61.3189784059778,-60.4134144907670,-60.8115133382969,-61.2053608844494,-60.6839336840115,-60.6918376275351,-61.1766506504259,-60.9848936791359,-60.8700210959378,-61.2944013148233,-62.2661591558040,-63.9956317469714,-65.4957813834121,-66.9999018818763,-66.3607283061977,-66.8484038888267,-66.7310175818228,-68.7921055387778,-66.9588165545105,-67.0556680934557,-66.4133798745687,-62.7072221468815,-62.1829383610398,-60.7330027588057,-59.9827352750677,-59.2116514872610,-58.3867468486683,-57.5343497332974,-57.2835796679886,-57.0619310342121,-57.0484895059550,-57.1724199489468,-57.7690139006421,-58.1706817765795,-59.3993405270611,-60.5351588129502,-61.2457452329723,-62.9757692499844,-61.6841255564740,-60.3416745885713,-59.4749485609049,-58.3317003943635,-57.5481365615654,-56.7214729727395,-56.1206510811493,-55.7528722882861,-55.7161484836717,-55.1668781010171,-55.4313152507520,-55.2795147472956,-55.5349778065817,-55.9655432840739,-56.0959926239107,-56.5114026533002,-57.0459391114364,-57.3266006905896,-57.1568466397896,-57.8109467820954,-57.8667965191115,-57.5636421894413,-57.8513958638249,-58.9512721345150,-59.0975778311531,-58.6566550235111,-57.8662886533695,-57.3996045275006,-57.5292826330291,-56.7563640942497,-57.6454911308869,-57.8774907167082,-58.4243349439421,-59.3664808192236,-60.2564151613082,-59.6281657589797,-60.2269292332064,-59.1495346533161,-59.7148889505987,-58.8061426483901,-59.8835237434130,-59.0818271987677,-59.9004557921395,-58.8138905737068,-58.6488975914222,-58.7445255920201,-59.3668904418590,-59.4962196947854,-59.9703229474277,-60.5316789059226,-59.9680419670151,-59.9110094763897,-60.1720953846607,-59.4564238252039,-59.0945550855170,-58.2596334562406,-58.1474941362764,-57.2619478640801,-57.2958699046343,-56.3270881688469,-55.9754233785075,-56.2702527164011,-56.5818497038541,-56.1909133084843,-56.0514284852357,-56.4659179213034,-56.5968356573772,-56.8856475415721,-57.1618492825523,-57.1792028312207,-58.1655365596991,-58.5939866990811,-58.4679993753179,-58.4557741617079,-59.5118572283457,-59.7630807330268,-59.8774272747208,-59.9704356262401,-61.0155268169548,-60.8804967516521,-61.6765488272059,-61.6421980151085,-61.6560653789174,-61.6776998846399,-61.2520080248935,-60.4158803379899,-60.5446915550668,-60.2239601458379,-61.1623976636264,-60.2044491085699,-60.7916820391398,-59.5529668990759,-59.8918195967758,-59.4881530122283,-58.8296058953351,-58.5935244657687,-58.8393951463840,-58.5475798602099,-59.0141989059311,-58.4371550906056,-58.7331132241940,-58.0603326342293,-58.3327014035265,-58.6677407714115,-59.0165537399132,-58.7983661977049,-58.8272230177963,-58.9154836263225,-58.7851289268271,-58.1317105467178,-57.8946211557264,-57.8055528896967,-57.7563133617825,-57.4711524977999,-58.5747285548888,-58.2233965018060,-58.2253175397273,-58.3807048752476,-58.6536476820493,-58.7191389980877,-59.8204328001224,-59.2740376097514,-60.2734185164571,-60.2743536588229,-60.5437182279570,-60.6255969104531,-58.9939487305970,-59.6813870728783,-59.2658894268000,-59.5138911004705,-58.8744000927305,-58.8786927050501,-58.9628215055478,-57.9300753604758,-58.1345642398659,-57.9003094497346,-57.8754614375507,-58.1351191033206,-57.8212228350906,-58.8351644546175,-59.8738561201779,-59.3439700591103,-59.8302805028997,-60.6334941703676,-60.3612415677262,-61.3422959212995,-60.7089578846630,-60.6646585913166,